,Day,Totals,Positives,Negatives
0,1,342.0,0.4269005847953216,0.5730994152046783
1,2,417.0,0.4196642685851319,0.580335731414868
2,3,523.0,0.4416826003824092,0.5583173996175909
3,4,622.0,0.4453376205787781,0.5546623794212219
4,5,484.0,0.4359504132231405,0.5640495867768595
5,6,377.0,0.4376657824933687,0.5623342175066313
6,7,335.0,0.3940298507462687,0.6059701492537314
7,8,377.0,0.38992042440318303,0.610079575596817
8,9,525.0,0.41523809523809524,0.5847619047619048
9,10,522.0,0.3850574712643678,0.6149425287356322
10,11,209.0,0.41148325358851673,0.5885167464114832
11,12,605.0,0.343801652892562,0.656198347107438
12,13,715.0,0.3944055944055944,0.6055944055944056
13,14,411.0,0.35766423357664234,0.6423357664233577
14,15,543.0,0.4143646408839779,0.585635359116022
15,16,637.0,0.39717425431711145,0.6028257456828885
16,17,230.0,0.3826086956521739,0.6173913043478261
17,18,645.0,0.3798449612403101,0.6201550387596899
18,19,427.0,0.3840749414519906,0.6159250585480094
19,20,704.0,0.4715909090909091,0.5284090909090909
20,21,430.0,0.41627906976744183,0.5837209302325581
21,22,388.0,0.4020618556701031,0.5979381443298969
22,23,659.0,0.3520485584218513,0.6479514415781487
23,24,1094.0,0.36380255941499084,0.6361974405850092
24,25,867.0,0.370242214532872,0.629757785467128
25,26,663.0,0.39064856711915535,0.6093514328808446
26,27,609.0,0.3924466338259442,0.6075533661740559
27,28,465.0,0.3849462365591398,0.6150537634408603
28,29,475.0,0.3831578947368421,0.6168421052631579
29,30,491.0,0.3604887983706721,0.639511201629328
30,31,505.0,0.39801980198019804,0.601980198019802
