,Day,Totals,Positives,Negatives
0,1,1230.0,0.5723577235772358,0.4276422764227642
1,2,1025.0,0.5726829268292682,0.4273170731707317
2,3,617.0,0.5235008103727715,0.47649918962722854
3,4,1206.0,0.5472636815920398,0.4527363184079602
4,5,1284.0,0.5786604361370716,0.42133956386292837
5,6,70.0,0.5,0.5
6,7,1230.0,0.5739837398373984,0.42601626016260163
7,8,1522.0,0.5532194480946123,0.4467805519053876
8,9,1435.0,0.535191637630662,0.464808362369338
9,10,1878.0,0.646964856230032,0.35303514376996803
10,11,1655.0,0.6151057401812688,0.3848942598187311
11,12,2060.0,0.5169902912621359,0.4830097087378641
12,13,3058.0,0.5232177894048398,0.47678221059516024
13,14,2834.0,0.518348623853211,0.481651376146789
14,15,460.0,0.5739130434782609,0.4260869565217391
15,16,1174.0,0.58603066439523,0.41396933560477
16,17,1236.0,0.5525889967637541,0.44741100323624594
17,18,1368.0,0.5628654970760234,0.4371345029239766
18,19,1971.0,0.4885844748858447,0.5114155251141552
19,20,2467.0,0.4989866234292663,0.5010133765707336
20,21,1202.0,0.5307820299500832,0.46921797004991683
21,22,2426.0,0.5593569661995054,0.44064303380049463
22,23,3287.0,0.5488287191968361,0.451171280803164
23,24,2071.0,0.5630130371801062,0.4369869628198938
24,25,3021.0,0.522343594836147,0.47765640516385305
25,26,3135.0,0.47655502392344495,0.523444976076555
26,27,2781.0,0.5149226896799712,0.48507731032002877
27,28,1885.0,0.5713527851458886,0.4286472148541114
28,29,2754.0,0.5119825708061002,0.4880174291938998
29,30,1695.0,0.5817109144542773,0.4182890855457227
30,31,1362.0,0.5895741556534508,0.4104258443465492
