,Day,Totals,Positives,Negatives
0,1,7982.0,0.6434477574542721,0.35655224254572787
1,2,8554.0,0.524666822539163,0.47533317746083703
2,3,10749.0,0.64433900827984,0.35566099172016
3,4,8347.0,0.6971366958188571,0.30286330418114293
4,5,371.0,0.4636118598382749,0.5363881401617251
5,6,2742.0,0.574033552151714,0.4259664478482859
6,7,560.0,0.6160714285714286,0.38392857142857145
7,8,7845.0,0.28846398980242194,0.7115360101975781
8,9,5791.0,0.4831635296149197,0.5168364703850803
9,10,4874.0,0.4926138695116947,0.5073861304883053
10,11,6909.0,0.40584744536112316,0.5941525546388768
11,12,5575.0,0.48556053811659194,0.5144394618834081
12,13,13790.0,0.4889050036258158,0.5110949963741842
13,14,5448.0,0.48109397944199705,0.518906020558003
14,15,3081.0,0.537163258682246,0.462836741317754
15,16,2259.0,0.5050907481186365,0.4949092518813634
16,17,96.0,0.5520833333333334,0.4479166666666667
17,18,1751.0,0.5105653912050258,0.4894346087949743
18,19,2.0,0.5,0.5
19,20,1815.0,0.5559228650137741,0.4440771349862259
20,21,2809.0,0.7525809896760413,0.24741901032395872
21,22,1984.0,0.6612903225806451,0.3387096774193548
22,23,1990.0,0.5452261306532663,0.4547738693467337
23,24,2539.0,0.6199291059472233,0.38007089405277666
24,25,2765.0,0.5801084990958408,0.4198915009041591
25,26,2147.0,0.5319049836981835,0.4680950163018165
26,27,1892.0,0.5570824524312896,0.4429175475687104
